3 5 11846 11882 9794 11790 925
3 6 11846 11882 9794 3885 9879 9907
3 3 11846 13257 9904
3 4 663 9620 6683 678
3 5 663 3679 694 519 9517
3 4 663 11623 13938 13391
3 6 663 11623 6680 6678 9633 673
3 7 663 9620 11640 3692 6542 3530 6568
3 7 663 9620 13936 13393 658 3662 11601
3 3 663 9622 3660
3 8 704 6723 543 5283 7857 9555 424 3585
3 4 704 9527 3718 9692
3 3 704 11651 9665
3 3 704 6690 9648
3 2 704 11666
3 4 704 13292 6739 3700
3 5 6375 9346 3351 3380 362
3 4 6375 9372 11329 11301
3 4 6375 9290 6321 3230
3 5 6375 11245 395 11265 6332
3 4 6375 9346 6347 3295
3 5 6375 9398 266 9327 11312
3 4 6375 9372 11386 3254
3 4 516 3576 6446 575
3 2 516 3516
3 4 516 6598 9431 9498
3 2 516 6598
3 3 13355 13354 9498
3 2 13355 9363
3 6 6583 11502 3629 1346 6529 678
3 4 6583 11435 11470 11494
3 2 6583 3488
3 3 6583 9575 11531
3 3 6583 11407 6537
3 4 11542 13297 13295 6418
3 3 11542 13299 9569
3 3 3544 13254 467
3 3 3544 524 402
3 5 6296 6360 3337 9731 9483
3 3 6296 327 3320
3 3 6296 3272 11312
3 3 6296 9357 530
3 3 6296 327 14173
3 4 10493 11302 9485 9221
3 4 10493 9501 11291 3174
3 3 10493 10323 9340
3 3 10493 7482 310
3 4 3152 496 3074 3174
3 5 3152 496 9079 11057 4640
3 7 9534 13265 13854 9725 6949 551 9490
3 7 9534 13265 13854 9725 3506 3669 3652
3 3 9534 6585 11420
3 3 9534 13249 11506
3 5 9642 9658 9505 3533 9490
3 2 9642 3652
3 4 9642 6698 698 678
3 5 9642 3646 13934 3662 11601
3 3 9490 3669 3652
3 10 9490 3533 9505 13328 9559 11502 3629 1346 6529 678
3 6 9490 551 13011 9472 13081 3516
3 6 9490 551 11549 3402 454 11420
3 7 9490 551 13011 9472 9444 11407 6537
3 8 678 6529 1346 549 563 11547 3423 11494
3 5 678 6529 1346 3629 11531
3 5 678 6529 6542 3530 6568
3 5 678 11604 13934 3662 11601
3 9 678 6529 1346 3629 11502 9559 9418 11407 6537
3 5 575 11483 11606 9536 3516
3 4 575 3536 3476 11420
3 7 3516 11519 11562 6500 6496 13354 9498
3 6 3516 13081 3447 3402 454 11420
3 3 3516 13068 6598
3 3 3516 14128 6537
3 4 9498 13354 11456 9363
3 6 9498 13354 11456 13937 3444 587
3 6 9498 13354 6496 6500 11562 3488
3 3 9498 9431 6598
3 6 9498 13354 6496 6500 11562 6537
3 4 9363 13939 3444 587
3 7 9363 6241 6286 9335 11318 11360 241
3 4 9363 13939 6622 495
3 4 9363 13939 3512 6469
3 3 11598 6675 13391
3 4 11598 6675 9633 673
3 5 11598 6631 11568 773 3780
3 3 11598 3604 11584
3 7 11598 656 11615 671 6673 11612 3673
3 4 1794 7680 10531 4781
3 3 11494 6414 587
3 4 11494 6444 13323 6488
3 3 11494 11470 3488
3 4 11494 529 9482 6469
3 4 11494 11470 9575 11531
3 5 11494 3423 11560 3558 6568
3 4 684 11646 11644 11659
3 6 684 13312 6703 9676 6720 686
3 5 684 716 3731 9537 6573
3 3 684 13313 9660
3 2 684 6700
3 6 3617 619 6647 9595 624 11581
3 2 3617 3614
3 5 3617 619 9608 9643 11610
3 3 3617 9621 6700
3 2 3617 11577
3 3 9617 13321 3663
3 4 949 3971 6982 6923
3 3 949 13373 11857
3 6 949 965 793 3796 9610 9612
3 3 949 3908 935
3 7 9517 519 3690 9666 6693 13301 692
3 5 9517 13230 6555 11529 11544
3 8 9517 519 3690 9655 6680 6678 9633 673
3 2 9517 6568
3 3 587 9522 3488
3 2 587 6469
3 4 692 13242 11653 9515
3 6 692 13242 3705 6540 11529 11544
3 6 692 13242 11653 3688 6708 9665
3 4 692 13301 11620 673
3 5 692 13301 9652 707 688
3 4 9515 3299 561 11544
3 5 9515 3299 3571 424 3585
3 4 9515 6725 6708 9665
3 5 11544 9572 9557 6594 6488
3 6 11544 9572 6421 482 3500 3561
3 7 11544 9416 11404 9441 3535 11481 514
3 5 11544 9416 11404 6470 3585
3 5 11544 9572 9557 6581 6568
3 4 6488 3524 9443 495
3 10 6488 3524 11533 564 6513 11493 3395 3271 6349 3326
3 5 6488 3524 6549 9524 3561
3 6 6488 3524 9547 13396 9482 6469
3 4 6488 13233 589 6568
3 6 241 336 11264 11233 6535 495
3 3 241 13871 3326
3 8 495 9443 11431 3355 3395 3271 6349 3326
3 2 495 6469
3 6 6389 6257 9320 6325 6349 3326
3 6 6389 6257 9320 11305 13519 321
3 3 6389 6257 9347
3 4 6389 317 11366 332
3 7 3326 6349 3271 3395 11493 11402 3561
3 8 3326 6349 6325 6298 9294 11305 13519 321
3 7 3326 6349 3271 6377 6218 9238 3522
3 4 3326 6349 6325 9347
3 6 3561 425 6582 3535 11481 514
3 4 3561 425 6487 3522
3 2 321 9388
3 6 321 293 11276 9294 9238 3522
3 6 321 293 11276 11219 375 3499
3 4 9388 3340 349 6282
3 7 9388 3340 3258 3312 3207 9496 11415
3 6 9388 3340 3258 3367 375 3499
3 4 6282 3207 9496 11415
3 3 6282 537 3473
3 7 6282 6390 6309 9277 9252 388 6558
3 7 6282 6390 6309 9277 11260 279 3295
3 7 6282 6334 9334 9361 11372 11343 9263
3 4 11415 478 13517 514
3 3 11415 9496 3473
3 4 11415 478 9428 13245
3 4 11415 9496 11505 6521
3 4 11415 478 9428 3499
3 6 514 573 9535 6595 552 9570
3 5 514 573 9535 3572 3473
3 4 514 11481 9471 3585
3 6 514 11481 11545 9560 6487 3522
3 4 514 13517 6441 3499
3 4 9570 6512 9511 11467
3 5 9570 552 6595 3572 3473
3 8 9570 3545 11414 11401 469 11432 3418 3585
3 5 9570 3485 421 3414 3583
3 4 9570 3283 3460 6558
3 5 9570 3485 494 9429 9569
3 4 11467 9457 9567 9551
3 3 11467 9457 3583
3 6 11467 9511 11558 9532 3460 6558
3 5 11467 479 584 11428 9508
3 2 11467 6464
3 4 3473 11478 388 6558
3 10 3585 424 9555 7857 5283 543 11525 557 9539 9692
3 8 3585 424 9555 7857 5283 543 11525 3569
3 7 3585 424 9555 7857 5283 732 9665
3 2 3585 6418
3 7 3585 424 9555 7857 5283 9541 9569
3 7 9692 9539 3484 11539 581 3550 3581
3 4 9692 9539 3484 9551
3 4 9692 9539 11511 3569
3 6 9692 3716 11679 6561 9537 6573
3 2 9692 3700
3 5 3581 3550 581 11554 9551
3 4 3581 6604 11691 3548
3 4 3581 3410 11413 9427
3 2 3581 6573
3 5 3581 3550 581 11554 9412
3 3 3581 6604 3434
3 3 9551 9567 3583
3 4 9551 6590 6562 3569
3 3 9551 9567 6464
3 2 9551 9412
3 5 3548 746 713 3709 6711
3 4 3548 6571 9425 11411
3 4 3548 9706 6735 11659
3 4 3548 11691 3565 6573
3 3 3548 11536 3434
3 4 3583 6590 6562 3569
3 6 3583 3414 421 583 11556 9569
3 4 3569 3553 11556 9569
3 8 6711 6714 9672 9670 711 3728 744 9716
3 7 6711 6714 9672 6731 727 9548 577
3 4 6711 696 9640 6682
3 6 6711 3694 676 9670 9668 690
3 7 6711 6714 11676 9704 3743 9425 11411
3 4 6711 3709 713 11659
3 2 11597 9783
3 3 11597 9614 9612
3 2 11597 657
3 4 11597 9614 11603 3663
3 3 3707 723 9716
3 5 3707 565 3577 3407 577
3 8 3707 565 3577 3407 3562 11427 491 11479
3 4 3707 11686 741 11670
3 6 3707 565 6600 9423 13329 476
3 7 3707 565 6600 414 3430 462 3457
3 3 3707 9683 6727
3 4 9716 744 6584 577
3 4 9716 6747 11655 690
3 8 9716 723 6729 6706 3704 3701 13388 6727
3 7 9716 723 6729 6706 3076 9635 657
3 5 9716 6747 11655 11619 3663
3 3 577 11550 11411
3 5 577 3562 11427 491 11479
3 4 6652 11657 3649 9606
3 6 6652 637 11605 6709 3676 690
3 4 6652 11657 630 9602
3 5 6652 11588 3796 9610 9612
3 5 6652 11588 818 3636 3663
3 3 9606 646 6682
3 8 9606 11592 9619 11622 676 11639 3676 690
3 5 9606 3649 6634 11583 11586
3 4 9606 3649 630 9602
3 6 9606 646 679 9656 11644 11659
3 3 9606 614 3614
3 7 6682 9640 11622 676 11639 3676 690
3 4 6682 6697 11644 11659
3 3 690 11619 3663
3 4 362 389 3324 3295
3 2 362 9263
3 5 6558 17 11515 493 9508
3 5 6558 17 11232 279 3295
3 4 9508 11428 3586 11430
3 4 9508 493 548 3230
3 5 9508 11428 584 506 6464
3 5 9508 493 11515 243 3295
3 3 9508 3482 467
3 2 9427 11430
3 7 9427 11413 3410 6499 6522 14136 11399
3 2 9427 9412
3 5 9427 11413 3410 466 3434
3 3 11411 491 11479
3 4 11411 6483 6431 3434
3 5 11430 3497 562 9521 11399
3 4 11430 3586 506 6464
3 3 11430 6416 467
3 4 11430 3586 13205 9412
3 5 11430 6416 3458 12562 402
3 4 11479 536 6580 11399
3 4 11479 491 9454 6557
3 5 11479 491 3483 6509 3457
3 3 11479 9468 3434
3 6 11399 6580 422 513 572 6557
3 4 11399 9452 11466 3392
3 5 11399 6484 9544 290 11301
3 4 11399 3559 3521 402
3 7 11399 9452 11466 13918 3281 13206 3393
3 5 11399 6580 9494 14137 3434
3 6 6557 6435 474 9520 11528 3392
3 5 6557 6435 6520 9554 6232
3 3 6557 6509 3457
3 4 6557 11543 3470 6593
3 6 3392 11528 6415 6306 3309 9304
3 7 3392 11528 6415 560 6579 9554 6232
3 10 3392 11528 6415 6280 3556 11285 3759 360 386 3350
3 5 3392 13918 3281 13206 3393
3 4 9304 9236 6340 406
3 5 9304 3759 360 386 3350
3 4 9304 9236 11216 11370
3 4 9304 9359 6413 3320
3 4 9304 6359 3366 3393
3 3 406 3267 11370
3 6 406 9341 358 6371 9323 11241
3 3 406 6340 3320
3 7 406 9341 233 11358 3255 265 6222
3 4 406 9341 233 310
3 6 11301 11329 9316 6567 6259 3230
3 4 11301 347 6281 11312
3 4 11301 347 400 3254
3 3 11301 290 402
3 4 11301 347 13206 3393
3 2 3230 3295
3 5 3230 548 11492 9400 467
3 5 3230 6259 6567 524 402
3 3 6364 3277 332
3 4 9627 6650 3592 11581
3 2 9627 11564
3 3 9627 9596 596
3 4 9627 6650 3601 591
3 2 9627 13574
3 7 3868 11816 13376 6957 9922 11872 11899
3 4 3868 6889 9821 9809
3 4 3868 11816 13376 3924
3 3 3868 11816 9894
3 7 3868 11816 13376 3974 984 6611 591
3 4 11899 982 11858 9809
3 5 11899 6799 606 3609 11586
3 7 11899 982 3922 3939 6953 9906 9602
3 6 11899 6799 9591 9595 624 11581
3 4 11899 6799 606 11577
3 3 11899 11872 9894
3 6 11899 11572 6983 9586 6611 591
3 6 9809 6913 6940 9890 9906 9602
3 3 9809 6913 9849
3 4 9809 11858 11845 9894
3 3 3882 833 11856
3 3 3882 9874 9849
3 3 3882 907 11857
3 3 3882 907 935
3 4 11586 11583 6634 9602
3 2 11586 3614
3 3 11586 3609 11577
3 4 9602 9906 9874 9849
3 3 9602 11887 11857
3 8 9602 11887 9771 11754 793 3796 9610 9612
3 5 11581 9611 3670 3683 686
3 2 11581 596
3 3 11581 9611 6672
3 5 11581 9611 11594 3627 11610
3 5 11581 624 9595 6647 11577
3 4 11581 3592 3601 591
3 7 3686 13826 705 3722 9712 737 721
3 3 13391 9633 673
3 8 13391 13390 3641 6635 776 9741 771 6788
3 5 13391 11587 6661 969 3780
3 3 13391 9638 3660
3 5 9665 3684 9650 9679 9648
3 3 9665 6708 688
3 6 673 11618 671 6673 11612 3673
3 4 673 11634 3675 688
3 5 11659 6735 9706 3565 6573
3 7 11659 11644 9656 679 6643 11787 3614
3 4 11659 11644 11646 6700
3 7 686 6720 3716 11679 6561 9537 6573
3 4 686 11627 11630 9648
3 4 686 11627 665 596
3 3 686 11627 6672
3 6 686 6720 9676 6703 13314 9660
3 5 686 3683 3670 9624 11610
3 6 686 6720 9676 6703 11625 6700
3 2 686 3700
3 5 925 967 9924 782 6606
3 5 925 967 11861 9879 9907
3 4 6788 771 11726 3780
3 5 6788 3773 6790 9752 6606
3 4 6788 6973 6946 9907
3 8 6788 771 9741 3782 11570 9587 636 3660
3 5 3780 773 3776 9582 11584
3 4 3780 6790 9752 6606
3 4 11584 9582 6793 6606
3 7 11584 3604 6656 3657 6673 11612 3673
3 4 11584 13534 628 6626
3 4 6606 6985 1616 9907
3 4 3943 13339 13338 3924
3 4 3288 6314 9731 9483
3 3 3288 11265 6332
3 3 9483 11246 9262
3 7 9483 9731 3337 281 348 11265 6332
3 3 9483 6342 6222
3 5 9483 9731 3337 6407 11312
3 3 9483 6376 530
3 4 9262 11246 6342 6222
3 4 9221 592 415 11202
3 5 9221 6178 6381 3074 3174
3 4 9221 6099 11057 4640
3 6 9221 9485 3298 11222 341 310
3 4 11670 3738 11703 11683
3 7 11670 9698 9714 3757 9435 13329 476
3 8 11670 3738 11703 3575 11409 434 458 488
3 2 11670 6727
3 4 3568 3507 3203 6232
3 4 3568 489 13300 525
3 7 3568 3480 11489 9437 3584 11530 488
3 7 3568 9506 3542 238 288 3364 3335
3 6 3568 9506 6508 9477 522 3520
3 3 3568 546 9288
3 7 3568 9506 6508 11425 6605 9413 11504
3 4 6232 9554 9493 6593
3 6 6232 3203 3507 489 13300 525
3 4 6232 3203 3293 3350
3 4 6232 3203 6319 9288
3 5 3151 13240 6174 11032 9098
3 5 3151 13240 149 11068 9197
3 3 721 11724 11683
3 5 721 737 3573 588 11405
3 6 721 737 3573 9419 6423 11437
3 5 11683 11546 3403 3452 488
3 5 11683 574 11561 6423 11437
3 3 476 6429 3457
3 4 476 9533 3570 6593
3 7 476 13329 9435 11409 434 458 488
3 4 3457 3511 3470 6593
3 3 11405 453 11437
3 5 11405 3399 429 6776 6474
3 5 6593 441 3543 13302 525
3 9 6593 3570 9533 9481 6480 11409 434 458 488
3 5 525 13296 3494 11454 488
3 5 488 3468 6478 9433 11437
3 4 488 3468 6495 11504
3 4 3350 386 216 11370
3 4 3350 6373 6344 9288
3 5 382 3377 6348 13394 6380
3 6 382 246 6365 9261 9411 9355
3 4 382 3236 11347 6262
3 6 382 11300 11235 11284 6252 3335
3 8 382 11300 11369 9318 9382 6387 3362 306
3 7 382 11300 11235 3345 352 6243 11336
3 6 11370 3267 6220 6371 9323 11241
3 6 11370 216 6292 3378 6344 9288
3 3 11241 6293 11234
3 8 11241 6486 11220 6354 11271 6233 6344 9288
3 4 11241 6486 11290 306
3 6 11241 9323 6371 3219 6459 310
3 4 9098 3053 9408 11202
3 6 9098 11139 6197 3072 9164 9197
3 3 9098 11072 117
3 5 9098 6139 3120 104 4640
3 6 11202 11097 11392 9254 207 11234
3 6 11202 11097 95 13824 11072 117
3 6 11202 415 3298 11222 341 310
3 5 11234 354 3313 3247 306
3 5 11234 9287 3235 6264 11349
3 7 11234 9331 320 11109 3089 11072 117
3 7 11234 387 9353 11259 9275 341 310
3 5 9783 9919 9888 9862 6923
3 3 9783 649 9612
3 5 6923 6982 3819 9610 9612
3 4 6923 3937 9818 935
3 6 3134 116 3170 6194 9059 98
3 5 3134 11117 9201 6181 3121
3 5 11089 13895 180 9041 6192
3 6 11089 13896 11171 6102 9248 3092
3 4 11089 11042 3081 9213
3 8 94 6021 11175 155 11092 6094 9118 11159
3 5 94 9045 9055 11038 3092
3 6 94 170 11045 176 9162 3121
3 6 11159 3084 9082 3142 9184 3140
3 8 3529 11474 520 6516 9455 11429 6620 9753
3 6 3529 13232 498 481 11566 6794
3 9 3529 13232 6527 9474 6503 6490 3464 11403 426
3 7 3529 13232 6527 3505 9516 6544 11476
3 6 3529 13234 9504 11527 579 487
3 7 3529 11474 11484 6575 9475 6539 11523
3 4 9417 9430 6493 6474
3 3 9417 11434 9461
3 7 9417 13597 585 9744 3765 6768 3720
3 2 9417 426
3 5 9417 11434 11450 11459 11476
3 6 6380 13394 6348 6290 6396 6262
3 11 6380 13394 6348 3327 401 335 11254 9382 6387 3362 306
3 7 6380 13394 11282 9302 366 6303 11349
3 5 6380 13239 13395 9256 6245
3 7 6380 13239 6283 11236 9345 11205 121
3 6 6380 13237 9378 9278 9356 378
3 7 6380 13394 6348 6290 9395 9330 11248
3 4 3580 11244 11310 9355
3 6 3580 580 6304 6386 3306 3335
3 3 3580 11526 3520
3 4 3580 558 3492 9449
3 6 3580 457 3554 3291 3318 6398
3 6 3580 457 3554 9579 11396 413
3 4 418 11397 501 3520
3 6 418 11397 3508 9479 9463 11437
3 6 418 3531 6530 502 3466 6474
3 7 418 3531 6530 9531 11487 6519 9461
3 2 418 9449
3 4 418 11397 3557 11504
3 5 9355 9411 11242 3292 6262
3 4 9355 9384 6411 3335
3 7 9355 11368 11337 384 356 3346 6398
3 5 6262 6315 9313 9330 11248
3 5 6262 6315 3250 3199 6398
3 7 3335 3306 6330 11553 6565 522 3520
3 7 3335 3364 343 315 11229 9342 9288
3 4 3335 3226 6305 11336
3 3 3520 6481 9449
3 4 3520 11462 9413 11504
3 5 11437 453 486 3466 6474
3 4 11437 9433 6507 11504
3 4 6474 13590 6505 9461
3 8 9461 9476 523 570 6432 11439 6517 9449
3 4 9461 9488 11459 11476
3 8 9461 9476 547 6591 11412 510 3527 413
3 8 7661 1536 12434 11704 1610 1467 12450 12320
3 7 7661 7495 4545 11645 4605 12309 1599
3 8 7661 7495 4545 1450 6763 7554 6689 3672
3 3 12320 12380 1599
3 6 1599 12309 6436 7554 6689 3672
3 4 1599 4534 11609 9628
3 3 3672 9647 9628
3 6 3672 6702 6733 731 6753 11696
3 8 3672 3682 6730 6748 3726 6760 11706 9753
3 8 3672 3682 6730 728 745 3746 9739 6794
3 9 9628 11614 685 9649 6692 9674 6721 3717 3720
3 6 9628 11614 685 11633 11678 11696
3 4 3720 11681 735 11696
3 5 3720 6768 3765 3587 426
3 6 11696 6753 3748 9722 9739 6794
3 6 11696 9688 3779 775 3587 426
3 6 9753 9735 3597 9426 11566 6794
3 6 6794 3777 6796 3417 11403 426
3 6 426 11403 449 484 11459 11476
3 9 3578 483 353 3343 3372 3246 3276 6337 392
3 8 3578 483 353 3343 6366 9365 6275 11225
3 6 3578 483 353 11364 11393 9258
3 8 3578 3426 9460 6328 3304 313 340 11351
3 5 3578 578 6563 3539 487
3 2 3578 11523
3 5 3578 483 3477 11421 6502
3 6 9449 6517 11500 9489 9552 413
3 7 9288 6344 6233 11271 6354 11290 306
3 7 9288 6344 6233 11271 289 3278 11336
3 3 306 3297 11336
3 6 306 3362 6273 6400 287 11349
3 5 9197 9164 3072 71 117
3 4 9197 70 11174 3140
3 7 11476 3540 6591 11412 510 3527 413
3 6 11476 6544 6566 11555 6454 487
3 4 11349 9343 3215 6245
3 8 11349 6264 9242 8 11191 6154 71 117
3 8 11349 9343 11315 3101 9177 194 9060 3140
3 7 6245 6022 6122 9144 3077 6101 121
3 8 6245 6022 3176 11084 9153 194 9060 3140
3 5 121 252 6356 9356 378
3 10 121 6101 3077 6056 3035 11131 39 11093 6131 3140
3 9 121 3220 3190 97 3056 11143 106 174 3164
3 6 121 9122 11099 2 11107 9131
3 4 121 3220 346 6269
3 5 6338 11243 11292 9354 392
3 7 6338 372 9514 292 6404 339 11225
3 3 6338 11356 9259
3 7 6338 260 404 3251 3300 6388 6278
3 4 6338 3315 6307 9402
3 6 6338 260 3365 228 3214 10301
3 5 6338 260 404 3394 6224
3 5 392 3382 11319 9299 11225
3 8 392 6294 3334 345 3285 3352 6327 11375
3 6 392 6337 11373 324 9286 9258
3 5 392 6294 6357 9373 9259
3 9 11225 11377 9271 298 403 6308 9349 273 1278
3 8 11225 11377 393 3357 3330 6379 10299 12128
3 5 11225 6275 9365 6339 6502
3 5 11225 339 11281 3328 10301
3 7 11375 6299 9360 6362 3202 9311 378
3 9 11375 3303 11344 9407 3322 330 9376 269 11248
3 8 11375 3303 11277 11394 11324 6391 9286 9258
3 6 11375 6327 9325 3383 6253 9259
3 6 11375 9389 6295 3347 9267 6269
3 4 11375 9368 270 3245
3 8 11375 6327 9325 3383 6403 9280 3361 9402
3 6 378 6316 214 283 11314 11248
3 3 378 11338 6269
3 10 11248 269 9376 3302 11363 6329 9324 6291 6248 9258
3 6 11248 269 314 9245 11381 11351
3 5 11248 3356 6279 6230 6398
3 7 9258 9409 6409 3360 3389 396 11351
3 3 9259 6307 9402
3 5 11351 11381 9367 6369 6398
3 6 11351 11296 9312 11540 9448 413
3 6 11351 11296 471 6587 544 487
3 3 6398 6341 413
3 7 413 3527 6553 3504 6528 9502 487
3 6 6192 13891 9099 11200 3155 108
3 5 6192 13891 9099 154 1295
3 7 6192 13890 13892 6016 13897 14176 9213
3 6 117 71 6154 6086 9060 3140
3 9 3140 9184 9107 3163 11083 81 3154 6097 9131
3 6 487 3539 6563 3518 6539 11523
3 10 3164 9222 6112 196 3017 11158 9065 6089 9214 6124
3 9 3164 11086 6091 6166 72 9187 6051 11137 3092
3 5 3164 174 106 2996 9131
3 10 3164 9222 6119 3135 6180 3091 6215 6135 6247 6269
3 9 3164 9222 6112 196 23 11075 11180 12 3245
3 6 3164 11086 9113 3166 6193 9213
3 6 108 6202 9155 45 9146 6124
3 3 108 3155 1295
3 6 108 6 9145 10200 11193 31
3 3 108 186 9213
3 9 108 99 9225 11203 7318 12587 11195 12187 12527
3 6 7375 4372 390 1365 12244 6278
3 7 7375 12216 10286 10314 10136 11223 10329
3 6 7375 12216 10286 10314 12130 1278
3 6 7375 11352 7346 6162 6288 31
3 4 7375 1336 14177 12527
3 6 6278 7403 6246 7237 291 1278
3 6 6278 6217 4356 12203 6288 31
3 4 6278 4400 9385 10301
3 4 6278 11320 3294 6224
3 5 6124 272 359 3363 31
3 7 6124 9370 11149 9050 9172 6149 3245
3 5 6124 9370 11149 11255 9402
3 4 6124 3264 11354 6224
3 7 6124 6171 9114 11025 3102 186 9213
3 4 11523 9432 11421 6502
3 5 9292 14225 12157 14215 10329
3 5 9292 10213 14209 10284 10312
3 5 9292 1233 12287 10133 1821
3 4 9292 14225 7401 10256
3 6 10329 14214 14213 14212 14211 4261
3 4 10329 10142 12117 1278
3 5 10329 14216 14217 14194 1821
3 5 10329 14215 1334 7328 10256
3 7 10329 11223 3280 237 278 14178 12527
3 8 10329 14216 14217 14218 14220 14221 10716 10648
3 7 10329 11223 3280 237 11307 10216 4874
3 5 10551 12393 7712 10579 1295
3 4 10551 7824 12659 4874
3 6 4261 4383 7373 7300 1258 1278
3 5 4261 14205 1210 4322 12128
3 4 4261 14211 14210 10256
3 3 4261 7341 10253
3 5 10312 10284 7429 4411 10256
3 6 1278 1258 10226 4354 12270 12128
3 6 1278 273 9349 6308 11389 10301
3 6 12128 4322 1254 4294 7370 10253
3 9 12128 9420 11433 6424 9445 6473 11458 452 6502
3 5 1821 12567 1808 1704 10648
3 6 6573 9537 6561 11679 3716 3700
3 8 12583 1825 10408 1483 2058 12581 12430 1384
3 2 11564 13574
3 3 6464 13205 9412
3 5 6332 11265 395 3384 11312
3 4 3614 11787 6643 6700
3 3 3614 11580 11577
3 7 6727 13388 3701 3704 3076 9635 657
3 7 3320 9295 11342 11358 3255 265 6222
3 5 3320 9295 11498 9438 530
3 3 3320 9274 3393
3 3 3320 9274 14173
3 4 11420 6585 13249 11506
3 2 3488 6537
3 4 3295 279 334 9263
3 3 3522 9456 3499
3 3 13245 13246 6521
3 2 13245 3499
3 5 6521 11444 3367 375 3499
3 4 11856 833 867 9849
3 4 9849 9874 11832 11857
3 8 11857 11868 9771 11754 793 3796 9610 9612
3 2 11857 935
3 3 9648 653 3673
3 3 9648 653 596
3 3 9648 9661 3700
3 5 9648 653 6687 6691 688
3 6 3673 3674 6673 9613 628 6626
3 4 3673 11612 9596 596
3 4 3673 3674 6691 688
3 2 1823 4744
3 3 9612 11603 3663
3 6 10256 14210 4215 10224 7341 10253
3 3 6418 9421 9569
3 3 596 665 6672
3 4 11610 3680 11625 6700
3 4 467 6511 12562 402
3 4 657 6677 674 3663
3 5 3924 13338 13339 11901 591
3 5 11601 11590 3612 636 3660
3 6 3174 3074 6381 9079 11057 4640
3 2 6222 9340
3 5 6222 265 3255 7482 310
3 3 6222 265 530
3 4 9340 10323 7482 310
3 2 11312 3254
3 3 11312 6281 3393
3 3 11312 6281 14173
3 2 591 13574
3 8 3092 11137 6051 9187 72 75 9199 9131
3 9 3092 9248 6102 11171 3065 3064 11061 3081 9213
3 6 1295 4298 12587 11195 12187 12527
3 7 1295 4298 12558 7898 7824 12659 4874
3 7 31 3363 359 3139 3264 11354 6224
3 7 31 6288 6162 9283 4326 3127 12527
3 6 98 9059 13843 11088 6181 3121
3 2 3393 14173
3 8 6269 9267 6358 11239 9033 256 12 3245
3 5 3245 6149 9270 3361 9402
3 5 9402 282 9381 11286 6224
3 2 12527 4874
3 3 10648 14192 4874
