1 11846
1 663
1 704
1 6375
1 516
1 13355
1 6583
1 11542
1 3544
1 6296
1 10493
1 3152
1 9534
1 9642
1 9490
1 3652
1 678
1 575
1 3516
1 9498
1 9363
1 11598
1 11494
1 684
1 3617
1 9617
1 949
1 9517
1 587
1 692
1 9515
1 11544
1 6488
1 241
1 495
1 6389
1 3326
1 3561
1 321
1 9388
1 6282
1 11415
1 514
1 9570
1 11467
1 3473
1 3585
1 9692
1 3581
1 9551
1 3548
1 3583
1 3569
1 6711
1 11597
1 3707
1 9716
1 577
1 6652
1 9606
1 6682
1 690
1 362
1 6558
1 9508
1 9427
1 11411
1 11430
1 11479
1 11399
1 6557
1 3392
1 9304
1 406
1 11301
1 3230
1 6364
1 9627
1 3868
1 11899
1 9809
1 3882
1 11586
1 9602
1 11581
1 3686
1 9206
1 13391
1 9665
1 673
1 11659
1 686
1 925
1 6788
1 3780
1 11584
1 6606
1 9907
1 3943
1 3288
1 9483
1 9262
1 9221
1 11670
1 3568
1 6232
1 3151
1 721
1 11683
1 476
1 3457
1 11405
1 6593
1 525
1 488
1 3350
1 382
1 11370
1 11241
1 9098
1 11202
1 11234
1 9783
1 6923
1 3134
1 11089
1 94
1 11159
1 3529
1 9417
1 6380
1 3580
1 418
1 9355
1 6262
1 3335
1 3520
1 11437
1 6474
1 9461
1 7661
1 12320
1 1599
1 3672
1 9628
1 3720
1 11696
1 9753
1 6794
1 426
1 3578
1 9449
1 9288
1 306
1 11336
1 9197
1 11476
1 11349
1 6245
1 121
1 6338
1 392
1 11225
1 11375
1 378
1 11248
1 9258
1 9259
1 11351
1 6398
1 11504
1 413
1 6192
1 117
1 3140
1 487
1 3164
1 108
1 7375
1 6278
1 6124
1 11523
1 6615
1 11537
1 1896
1 4637
1 9292
1 10329
1 10551
1 4261
1 1278
1 12128
1 1821
1 6573
1 11564
1 6464
1 6332
1 3614
1 6727
1 3320
1 11420
1 3488
1 3295
1 9263
1 6469
1 11531
1 6568
1 3522
1 9347
1 13246
1 6521
1 11856
1 9849
1 11857
1 9648
1 3673
1 11506
1 9904
1 332
1 9612
1 10256
1 10253
1 6418
1 9569
1 11666
1 6626
1 596
1 6672
1 9660
1 11610
1 6700
1 467
1 9412
1 657
1 3663
1 935
1 11577
1 3924
1 11601
1 3660
1 9894
1 3174
1 4640
1 6222
1 9340
1 310
1 11312
1 530
1 6598
1 6537
1 3499
1 3700
1 688
1 591
1 3254
1 6502
1 3502
1 3622
1 13574
1 3092
1 9131
1 1295
1 10723
1 11047
1 31
1 402
1 3133
1 3060
1 98
1 3121
1 3393
1 3434
1 14173
1 6269
1 3245
1 9402
1 10301
1 6224
1 9213
1 12527
1 10648
1 4874
